nodes: 17
x(ft) y(ft)
0 0
3 0
3 4
6 4
6 8
9 4
12 8
12 4
15 4
18 8
18 4
21 4
24 8
24 4
27 4
27 0
30 0

elements: 29
node1 node2 Area(in^2) YM(psi)
1 3 16 3.E+07  
2 3 4 3.E+07  
2 4 16 3.E+07  
3 4 4 3.E+07  
3 5 16 3.E+07  
4 5 4 3.E+07  
4 6 16 3.E+07  
5 6 4 3.E+07  
5 7 16 3.E+07  
6 7 4 3.E+07  
6 8 16 3.E+07  
7 8 4 3.E+07  
8 9 16 3.E+07  
7 9 4 3.E+07  
7 10 16 3.E+07  
9 10 4 3.E+07  
9 11 16 3.E+07  
10 11 4 3.E+07  
11 12 16 3.E+07  
10 12 4 3.E+07  
10 13 16 3.E+07  
12 13 4 3.E+07  
12 14 16 3.E+07  
13 14 4 3.E+07  
13 15 16 3.E+07  
14 15 4 3.E+07  
14 16 16 3.E+07  
15 16 4 3.E+07  
15 17 16 3.E+07  

force_BCs: 26
node dof value(lbs)
3 1 0
3 2 0
4 1 0
4 2 0
5 1 0
5 2 0
6 1 0
6 2 0
7 1 0
7 2 0
8 1 0
8 2 -1000
9 1 0
9 2 0
10 1 0
10 2 0
11 1 0
11 2 -2000
12 1 0
12 2 0
13 1 0
13 2 0
14 1 0
14 2 0
15 1 0
15 2 0

displacement_BCs: 8
node dof value(in)
1 1 0
1 2 0
2 1 0
2 2 0
16 1 0
16 2 0
17 1 0
17 2 0